"marker"	"allele"	"height"	"K1"	"K2"	"K3"
"D2S1338"	16	189	0	0	1
"D2S1338"	17	171	0	0	1
"D2S1338"	22	55	0	0	0
"D2S1338"	23	638	1	0	0
"D2S1338"	24	673	1	2	0
"D3S1358"	14	50	0	0	0
"D3S1358"	15	715	1	0	0
"D3S1358"	16	67	0	0	0
"D3S1358"	17	479	0	2	1
"D3S1358"	18	638	1	0	0
"D3S1358"	19	136	0	0	1
"D8S1179"	10	241	0	0	1
"D8S1179"	11	192	0	0	1
"D8S1179"	12	127	0	0	0
"D8S1179"	13	1092	1	1	0
"D8S1179"	14	127	0	1	0
"D8S1179"	15	58	0	0	0
"D8S1179"	16	808	1	0	0
"D16S539"	11	534	0	1	1
"D16S539"	12	1786	2	1	0
"D16S539"	13	265	0	0	1
"D18S51"	12	187	0	0	1
"D18S51"	13	87	0	0	0
"D18S51"	14	997	1	2	0
"D18S51"	15	80	0	0	0
"D18S51"	16	744	1	0	1
"D19S433"	12	57	0	0	0
"D19S433"	13	775	1	0	0
"D19S433"	14	818	1	0	1
"D19S433"	15	159	0	1	1
"D19S433"	16.2	76	0	1	0
"D21S11"	28	304	0	0	1
"D21S11"	29	134	0	1	0
"D21S11"	30	1146	1	1	1
"D21S11"	31	734	1	0	0
"TH01"	7	670	1	0	0
"TH01"	8	636	1	0	0
"TH01"	9	99	0	2	0
"TH01"	9.3	348	0	0	2
"FGA"	20	99	0	0	1
"FGA"	21	49	0	1	0
"FGA"	22	76	0	1	0
"FGA"	23	145	0	0	1
"FGA"	24	412	1	0	0
"FGA"	25	39	0	0	0
"FGA"	26	349	1	0	0
"VWA"	14	876	1	0	0
"VWA"	15	249	0	0	1
"VWA"	16	274	0	2	0
"VWA"	17	97	0	0	0
"VWA"	18	967	1	0	0
"VWA"	19	251	0	0	1
